4294967294,156
4294967294,480
46,5
46,4
46,3
46,2
46,1
4294967278,338
45,4
45,3
45,2
45,1
4294967278,337
4294967278,336
4294967279,404
44,5
44,4
44,3
44,2
44,1
4294967278,335
43,4
43,3
43,2
43,1
4294967279,403
42,4
42,3
42,2
42,1
4294967279,402
4294967294,1430
4294967278,334
4294967279,401
4294967279,400
41,6
4294967279,399
4294967278,333
41,5
41,4
41,3
41,2
41,1
4294967279,398
40,4
40,3
40,2
40,1
4294967279,397
4294967294,1429
4294967294,1428
4294967294,430
4294967294,479
4294967279,396
4294967278,332
39,5
39,4
39,3
39,2
39,1
4294967279,395
38,4
38,3
38,2
38,1
4294967278,331
4294967279,394
4294967278,330
37,5
37,4
37,3
37,2
37,1
4294967279,393
36,4
36,3
36,2
36,1
4294967279,392
4294967294,478
4294967279,391
4294967278,329
35,5
35,4
35,3
35,2
35,1
34,4
34,3
34,2
34,1
4294967278,328
33,4
33,3
33,2
33,1
4294967278,327
4294967279,390
4294967278,326
4294967278,325
32,6
4294967294,1427
4294967278,324
4294967279,389
32,5
32,4
32,3
32,2
32,1
4294967278,323
31,4
31,3
31,2
31,1
4294967278,322
30,5
30,4
30,3
30,2
30,1
29,4
29,3
29,2
29,1
4294967279,388
4294967294,477
4294967294,1426
4294967294,1425
4294967278,321
28,5
28,4
28,3
28,2
28,1
4294967294,1424
27,4
27,3
27,2
27,1
4294967278,320
4294967278,319
26,5
4294967279,387
4294967278,318
4294967279,386
26,4
4294967278,317
26,3
26,2
26,1
4294967279,385
4294967278,316
4294967279,384
4294967278,315
4294967279,319
4294967278,314
4294967279,318
4294967278,313
25,4
25,3
25,2
25,1
4294967279,317
4294967278,312
4294967279,316
24,4
24,3
24,2
24,1
4294967279,315
23,6
23,5
23,4
23,3
23,2
23,1
4294967279,314
22,4
22,3
22,2
22,1
4294967294,476
21,5
21,4
21,3
21,2
21,1
20,4
20,3
20,2
20,1
4294967278,311
4294967279,313
4294967278,310
4294967278,309
19,5
19,4
19,3
19,2
19,1
4294967279,312
18,4
18,3
18,2
18,1
4294967279,311
4294967294,475
4294967279,310
4294967278,308
4294967278,307
17,5
17,4
17,3
17,2
17,1
4294967279,309
4294967278,306
4294967279,308
16,4
16,3
16,2
16,1
4294967278,305
4294967294,1083
15,4
15,3
15,2
15,1
4294967278,304
4294967279,307
4294967278,303
4294967278,302
14,6
4294967278,301
4294967279,306
4294967279,305
14,5
14,4
14,3
14,2
14,1
4294967278,300
13,4
13,3
13,2
13,1
4294967278,299
4294967278,298
4294967279,304
4294967279,303
12,5
12,4
12,3
12,2
12,1
4294967278,297
4294967294,474
11,4
11,3
11,2
11,1
4294967279,302
4294967294,439
4294967278,296
4294967279,301
4294967279,300
10,5
10,4
10,3
10,2
10,1
4294967278,295
4294967294,1423
4294967294,1422
9,4
9,3
9,2
9,1
4294967278,294
4294967294,1165
4294967278,293
4294967279,299
4294967279,298
8,5
8,4
8,3
8,2
8,1
4294967278,292
4294967279,297
4294967278,291
7,4
7,3
7,2
7,1
4294967279,296
4294967294,473
6,4
6,3
6,2
6,1
4294967279,295
4294967294,187
4294967278,290
4294967279,294
4294967279,293
5,6
4294967294,1421
4294967279,292
4294967278,289
4294967278,288
5,5
5,4
5,3
5,2
5,1
4,4
4294967279,291
4,3
4,2
4,1
4294967279,290
4294967279,283
4294967279,282
4294967278,287
3,5
3,4
3,3
3,2
3,1
2,4
2,3
2,2
2,1
4294967294,472
4294967278,277
4294967293,131
4294967293,130
4294967293,129
4294967293,128
4294967293,127
4294967293,126
4294967293,125
4294967293,124
4294967293,123
4294967293,122
4294967293,121
